Task 2:
Dataset0 Classification Accuracy: 19.900
Dataset0 Confusion Matrix:
           rectangle      disk  triangle      star      oval
 rectangle    48.000     0.000    43.500     8.500     0.000
      disk    60.500     0.000    29.000    10.500     0.000
  triangle    41.000     0.000    43.000    16.000     0.000
      star    52.000     0.000    39.500     8.500     0.000
      oval    34.500     0.000    54.000    11.500     0.000

Dataset20 Classification Accuracy: 19.400
Dataset20 Confusion Matrix:
           rectangle      disk  triangle      star      oval
 rectangle    56.000     0.000    36.500     7.500     0.000
      disk    58.500     0.000    29.000    12.500     0.000
  triangle    48.000     0.000    34.000    18.000     0.000
      star    50.500     0.000    42.500     7.000     0.000
      oval    37.000     0.000    48.500    14.500     0.000

Dataset50 Classification Accuracy: 18.200
Dataset50 Confusion Matrix:
           rectangle      disk  triangle      star      oval
 rectangle    53.500     0.000    34.500    12.000     0.000
      disk    48.500     0.000    29.500    22.000     0.000
  triangle    48.500     0.000    28.500    23.000     0.000
      star    46.000     0.000    45.000     9.000     0.000
      oval    31.000     0.000    54.500    14.500     0.000


Dataset80 Classification Accuracy: 18.800
Dataset80 Confusion Matrix:
           rectangle      disk  triangle      star      oval
 rectangle    51.000     0.000    34.500    14.500     0.000
      disk    60.000     0.000    22.500    17.500     0.000
  triangle    52.000     0.000    28.500    19.500     0.000
      star    51.500     0.000    34.000    14.500     0.000
      oval    42.000     0.000    44.500    13.500     0.000

Task 3:
Noise Classification Accuracy: 100.000
Noise Confusion Matrix:
                   0        20        50        80
         0   100.000     0.000     0.000     0.000
        20     0.000   100.000     0.000     0.000
        50     0.000     0.000   100.000     0.000
        80     0.000     0.000     0.000   100.000

Dataset0 Classification Accuracy: 93.900
Dataset0 Confusion Matrix:
           rectangle      disk  triangle      star      oval
 rectangle    91.500     0.000     0.000     8.500     0.000
      disk     0.000   100.000     0.000     0.000     0.000
  triangle     1.000     5.500    86.500     6.000     1.000
      star     8.000     0.000     0.000    92.000     0.000
      oval     0.500     0.000     0.000     0.000    99.500

Dataset20 Classification Accuracy: 84.600
Dataset20 Confusion Matrix:
           rectangle      disk  triangle      star      oval
 rectangle    92.500     1.500     1.000     3.000     2.000
      disk     1.500    98.500     0.000     0.000     0.000
  triangle     2.500     6.500    86.000     3.500     1.500
      star    51.500     0.000     0.000    48.500     0.000
      oval     2.500     0.000     0.000     0.000    97.500

Dataset50 Classification Accuracy: 81.800
Dataset50 Confusion Matrix:
           rectangle      disk  triangle      star      oval
 rectangle    87.500     0.500     4.000     6.000     2.000
      disk     0.000    97.500     2.500     0.000     0.000
  triangle     3.000     2.000    94.500     0.500     0.000
      star    61.500     1.500     2.500    34.500     0.000
      oval     4.000     0.000     1.000     0.000    95.000

Dataset80 Classification Accuracy: 76.400
Dataset80 Confusion Matrix:
           rectangle      disk  triangle      star      oval
 rectangle    57.000     1.500     5.000    28.500     8.000
      disk     1.500    97.500     0.500     0.000     0.500
  triangle     7.500     5.500    78.000     1.000     8.000
      star    36.500     1.500     2.500    56.500     3.000
      oval     4.500     0.500     1.500     0.500    93.000

Task 4:
Dataset50 Classification Accuracy: 92.100
Dataset50 Confusion Matrix:
           rectangle      disk  triangle      star      oval
 rectangle    74.500     0.000     2.500    22.000     1.000
      disk     0.500    97.500     2.000     0.000     0.000
  triangle     0.500     0.000    99.500     0.000     0.000
      star     6.500     0.000     2.000    91.500     0.000
      oval     0.500     0.000     1.500     0.500    97.500

